0.049583153738025
0.113814025851483
0.178424212604353
0.243120098126499
0.307848485884162
0.372592595683389
0.437345485552230
0.502103768487069
0.566865596001083
0.631629873537115
0.696395911288766
0.761163252494659
0.825931582213486
0.890700675760831
0.955470368042241
1.020240534516704
1.085011078936666
1.149781925191719
1.214553011719529
1.279324287566780
1.344095709533509
1.408867240039223
1.473638845472166
1.538410494858190
-0.049583153738025
-0.113814025851483
-0.178424212604353
-0.243120098126499
-0.307848485884162
-0.372592595683389
-0.437345485552230
-0.502103768487069
-0.566865596001083
-0.631629873537115
-0.696395911288766
-0.761163252494659
-0.825931582213486
-0.890700675760831
-0.955470368042241
-1.020240534516704
-1.085011078936666
-1.149781925191719
-1.214553011719529
-1.279324287566780
-1.344095709533509
-1.408867240039223
-1.473638845472166
-1.538410494858190
