0.037283743740312
0.085581748836546
0.134164978946810
0.182812652456346
0.231484769599885
0.280168713689376
0.328859265875079
0.377553880504367
0.426251168877035
0.474950309295007
0.523650784516478
0.572352252662328
0.621054478642514
0.669757295409512
0.718460580929007
0.767164243901456
0.815868214585956
0.864572438718184
0.913276873369126
0.961981484057505
1.010686242693214
1.059391126084217
1.108096114833250
1.156801192508981
1.205506345013417
1.254211560091484
1.302916826944702
1.351622135921669
1.400327478265391
1.449032845902632
1.497738231263909
1.546443627125266
-0.037283743740312
-0.085581748836546
-0.134164978946810
-0.182812652456346
-0.231484769599885
-0.280168713689376
-0.328859265875079
-0.377553880504367
-0.426251168877035
-0.474950309295007
-0.523650784516478
-0.572352252662328
-0.621054478642514
-0.669757295409512
-0.718460580929007
-0.767164243901456
-0.815868214585956
-0.864572438718184
-0.913276873369126
-0.961981484057505
-1.010686242693214
-1.059391126084217
-1.108096114833250
-1.156801192508981
-1.205506345013417
-1.254211560091484
-1.302916826944702
-1.351622135921669
-1.400327478265391
-1.449032845902632
-1.497738231263909
-1.546443627125266
