0.073991713099710
0.169841845428215
0.266257999472386
0.362802007535003
0.459394473076210
0.556010341800530
0.652639239459456
0.749276095118141
0.845918131583799
0.942563694004678
1.039211728068952
1.135861522840294
1.232512573416363
1.329164502391081
1.425817011963825
1.522469852641529
-0.073991713099710
-0.169841845428215
-0.266257999472386
-0.362802007535003
-0.459394473076210
-0.556010341800530
-0.652639239459456
-0.749276095118141
-0.845918131583799
-0.942563694004678
-1.039211728068952
-1.135861522840294
-1.232512573416363
-1.329164502391081
-1.425817011963825
-1.522469852641529
