0.024920360594216
0.057202625973236
0.089675535469142
0.122191519456750
0.154723842448090
0.187264071740058
0.219808719332383
0.252356083990787
0.284905237794411
0.317455631816170
0.350006920639551
0.382558876074702
0.415111341326121
0.447664205096842
0.480217386198250
0.512770824009215
0.545324472345925
0.577878295400151
0.610432264975162
0.642986358560120
0.675540557960490
0.708094848305772
0.740649217318562
0.773203654768026
0.805758152055642
0.838312701897311
0.870867298076600
0.903421935251205
0.935976608799659
0.968531314698813
1.001086049425085
1.033640809874213
1.066195593295557
1.098750397237915
1.131305219504507
1.163860058115329
1.196414911275444
1.228969777348084
1.261524654831669
1.294079542340035
1.326634438585269
1.359189342362693
1.391744252537595
1.424299168033389
1.456854087820918
1.489409010908686
1.521963936333783
1.554518863153355
-0.024920360594216
-0.057202625973236
-0.089675535469142
-0.122191519456750
-0.154723842448090
-0.187264071740058
-0.219808719332383
-0.252356083990787
-0.284905237794411
-0.317455631816170
-0.350006920639551
-0.382558876074702
-0.415111341326121
-0.447664205096842
-0.480217386198250
-0.512770824009215
-0.545324472345925
-0.577878295400151
-0.610432264975162
-0.642986358560120
-0.675540557960490
-0.708094848305772
-0.740649217318562
-0.773203654768026
-0.805758152055642
-0.838312701897311
-0.870867298076600
-0.903421935251205
-0.935976608799659
-0.968531314698813
-1.001086049425085
-1.033640809874213
-1.066195593295557
-1.098750397237915
-1.131305219504507
-1.163860058115329
-1.196414911275444
-1.228969777348084
-1.261524654831669
-1.294079542340035
-1.326634438585269
-1.359189342362693
-1.391744252537595
-1.424299168033389
-1.456854087820918
-1.489409010908686
-1.521963936333783
-1.554518863153355
