0.000449380960292
0.001045812679340
0.001642503018669
0.002238288430963
0.002832751471458
0.003425526040910
0.004016254983739
0.004604584256703
0.005190161832676
0.005772637542866
0.006351663161707
0.006926892566899
0.007497981925635
0.008064589890486
0.008626377798617
0.009183009871661
0.009734153415007
0.010279479015832
0.010818660739503
0.011351376324080
0.011877307372740
0.012396139543951
0.012907562739267
0.013411271288616
0.013906964132952
0.014394345004167
0.014873122602147
0.015343010768865
0.015803728659399
0.016255000909785
0.016696557801589
0.017128135423111
0.017549475827118
0.017960327185009
0.018360443937331
0.018749586940545
0.019127523609951
0.019494028058707
0.019848881232831
0.020191871042130
0.020522792486960
0.020841447780751
0.021147646468221
0.021441205539208
0.021721949538052
0.021989710668460
0.022244328893800
0.022485652032745
0.022713535850236
0.022927844143687
0.023128448824387
0.023315229994063
0.023488076016536
0.023646883584448
0.023791557781003
0.023922012136703
0.024038168681024
0.024139957989019
0.024227319222815
0.024300200167972
0.024358557264691
0.024402355633850
0.024431569097850
0.024446180196263
0.000449380960292
0.001045812679340
0.001642503018669
0.002238288430963
0.002832751471458
0.003425526040910
0.004016254983739
0.004604584256703
0.005190161832676
0.005772637542866
0.006351663161707
0.006926892566899
0.007497981925635
0.008064589890486
0.008626377798617
0.009183009871661
0.009734153415007
0.010279479015832
0.010818660739503
0.011351376324080
0.011877307372740
0.012396139543951
0.012907562739267
0.013411271288616
0.013906964132952
0.014394345004167
0.014873122602147
0.015343010768865
0.015803728659399
0.016255000909785
0.016696557801589
0.017128135423111
0.017549475827118
0.017960327185009
0.018360443937331
0.018749586940545
0.019127523609951
0.019494028058707
0.019848881232831
0.020191871042130
0.020522792486960
0.020841447780751
0.021147646468221
0.021441205539208
0.021721949538052
0.021989710668460
0.022244328893800
0.022485652032745
0.022713535850236
0.022927844143687
0.023128448824387
0.023315229994063
0.023488076016536
0.023646883584448
0.023791557781003
0.023922012136703
0.024038168681024
0.024139957989019
0.024227319222815
0.024300200167972
0.024358557264691
0.024402355633850
0.024431569097850
0.024446180196263
