0.000796792065552
0.001853960788947
0.002910731817935
0.003964554338445
0.005014202742928
0.006058545504236
0.007096470791154
0.008126876925699
0.009148671230783
0.010160770535008
0.011162102099839
0.012151604671088
0.013128229566962
0.014090941772315
0.015038721026995
0.015970562902562
0.016885479864245
0.017782502316045
0.018660679627411
0.019519081140145
0.020356797154333
0.021172939892191
0.021966644438744
0.022737069658329
0.023483399085926
0.024204841792365
0.024900633222484
0.025570036005349
0.026212340735672
0.026826866725592
0.027412962726029
0.027970007616848
0.028497411065085
0.028994614150555
0.029461089958168
0.029896344136328
0.030299915420828
0.030671376123669
0.031010332586314
0.031316425596861
0.031589330770727
0.031828758894411
0.032034456231993
0.032206204794030
0.032343822568576
0.032447163714064
0.032516118713869
0.032550614492363
0.000796792065552
0.001853960788947
0.002910731817935
0.003964554338445
0.005014202742928
0.006058545504236
0.007096470791154
0.008126876925699
0.009148671230783
0.010160770535008
0.011162102099839
0.012151604671088
0.013128229566962
0.014090941772315
0.015038721026995
0.015970562902562
0.016885479864245
0.017782502316045
0.018660679627411
0.019519081140145
0.020356797154333
0.021172939892191
0.021966644438744
0.022737069658329
0.023483399085926
0.024204841792365
0.024900633222484
0.025570036005349
0.026212340735672
0.026826866725592
0.027412962726029
0.027970007616848
0.028497411065085
0.028994614150555
0.029461089958168
0.029896344136328
0.030299915420828
0.030671376123669
0.031010332586314
0.031316425596861
0.031589330770727
0.031828758894411
0.032034456231993
0.032206204794030
0.032343822568576
0.032447163714064
0.032516118713869
0.032550614492363
