0.003153346052305
0.007327553901276
0.011477234579235
0.015579315722944
0.019616160457355
0.023570760839324
0.027426509708357
0.031167227832798
0.034777222564770
0.038241351065831
0.041545082943465
0.044674560856694
0.047616658492491
0.050359035553854
0.052890189485194
0.055199503699984
0.057277292100403
0.059114839698396
0.060704439165894
0.062039423159893
0.063114192286254
0.063924238584648
0.064466164435950
0.064737696812684
0.003153346052305
0.007327553901276
0.011477234579235
0.015579315722944
0.019616160457355
0.023570760839324
0.027426509708357
0.031167227832798
0.034777222564770
0.038241351065831
0.041545082943465
0.044674560856694
0.047616658492491
0.050359035553854
0.052890189485194
0.055199503699984
0.057277292100403
0.059114839698396
0.060704439165894
0.062039423159893
0.063114192286254
0.063924238584648
0.064466164435950
0.064737696812684
