0.007018610009470
0.016274394730906
0.025392065309262
0.034273862913021
0.042835898022227
0.050998059262376
0.058684093478536
0.065822222776362
0.072345794108849
0.078193895787070
0.083311924226947
0.087652093004404
0.091173878695764
0.093844399080804
0.095638720079275
0.096540088514728
0.007018610009470
0.016274394730906
0.025392065309262
0.034273862913021
0.042835898022227
0.050998059262376
0.058684093478536
0.065822222776362
0.072345794108849
0.078193895787070
0.083311924226947
0.087652093004404
0.091173878695764
0.093844399080804
0.095638720079275
0.096540088514728
