0.001783280721696
0.004147033260562
0.006504457968978
0.008846759826364
0.011168139460131
0.013463047896718
0.015726030476025
0.017951715775697
0.020134823153530
0.022270173808383
0.024352702568711
0.026377469715055
0.028339672614259
0.030234657072402
0.032057928354852
0.033805161837142
0.035472213256882
0.037055128540240
0.038550153178616
0.039953741132720
0.041262563242624
0.042473515123654
0.043583724529323
0.044590558163757
0.045491627927418
0.046284796581314
0.046968182816210
0.047540165714830
0.047999388596458
0.048344762234803
0.048575467441503
0.048690957009140
0.001783280721696
0.004147033260562
0.006504457968978
0.008846759826364
0.011168139460131
0.013463047896718
0.015726030476025
0.017951715775697
0.020134823153530
0.022270173808383
0.024352702568711
0.026377469715055
0.028339672614259
0.030234657072402
0.032057928354852
0.033805161837142
0.035472213256882
0.037055128540240
0.038550153178616
0.039953741132720
0.041262563242624
0.042473515123654
0.043583724529323
0.044590558163757
0.045491627927418
0.046284796581314
0.046968182816210
0.047540165714830
0.047999388596458
0.048344762234803
0.048575467441503
0.048690957009140
