0.018714548555174
0.042957697894846
0.067344016108394
0.091762682242332
0.116193618666266
0.140630492669831
0.165070684887416
0.189512917769083
0.213956494503877
0.238401002896027
0.262846183581670
0.287291865231959
0.311737930134266
0.336184294745206
0.360630898133103
0.385077694813171
0.409524650144027
0.433971737277567
0.458418935083341
0.482866226702624
0.507313598520040
0.531761039418562
0.556208540230779
0.580656093328654
0.605103692312643
0.629551331773188
0.653999007105654
0.678446714365254
0.702894450152211
0.727342211520074
0.751789995901884
0.776237801050298
0.800685624988649
0.825133465970707
0.849581322447361
0.874029193038890
0.898477076511743
0.922924971758996
0.947372877783820
0.971820793685435
0.996268718647113
1.020716651925891
1.045164592843710
1.069612540779759
1.094060495163815
1.118508455470453
1.142956421213967
1.167404391943913
1.191852367241178
1.216300346714501
1.240748329997374
1.265196316745280
1.289644306633217
1.314092299353460
1.338540294613543
1.362988292134418
1.387436291648768
1.411884292899458
1.436332295638092
1.460780299623675
1.485228304621342
1.509676310401164
1.534124316736996
1.558572323405373
-0.018714548555174
-0.042957697894846
-0.067344016108394
-0.091762682242332
-0.116193618666266
-0.140630492669831
-0.165070684887416
-0.189512917769083
-0.213956494503877
-0.238401002896027
-0.262846183581670
-0.287291865231959
-0.311737930134266
-0.336184294745206
-0.360630898133103
-0.385077694813171
-0.409524650144027
-0.433971737277567
-0.458418935083341
-0.482866226702624
-0.507313598520040
-0.531761039418562
-0.556208540230779
-0.580656093328654
-0.605103692312643
-0.629551331773188
-0.653999007105654
-0.678446714365254
-0.702894450152211
-0.727342211520074
-0.751789995901884
-0.776237801050298
-0.800685624988649
-0.825133465970707
-0.849581322447361
-0.874029193038890
-0.898477076511743
-0.922924971758996
-0.947372877783820
-0.971820793685435
-0.996268718647113
-1.020716651925891
-1.045164592843710
-1.069612540779759
-1.094060495163815
-1.118508455470453
-1.142956421213967
-1.167404391943913
-1.191852367241178
-1.216300346714501
-1.240748329997374
-1.265196316745280
-1.289644306633217
-1.314092299353460
-1.338540294613543
-1.362988292134418
-1.387436291648768
-1.411884292899458
-1.436332295638092
-1.460780299623675
-1.485228304621342
-1.509676310401164
-1.534124316736996
-1.558572323405373
