6.3295393533666020E-002
6.2076879121192946E-002
6.3624116177510279E-002
6.2027112097492197E-002
6.1003611167630756E-002
6.4826522224271946E-002
6.1241422020795237E-002
6.1904943657440627E-002
6.1904943657440696E-002
6.1241422020795237E-002
6.4826522224271904E-002
6.1003611167630721E-002
6.2027112097492301E-002
6.3624116177510195E-002
6.2076879121193064E-002
6.3295393533665881E-002
6.3295393533666020E-002
6.2076879121192946E-002
6.3624116177510279E-002
6.2027112097492197E-002
6.1003611167630756E-002
6.4826522224271946E-002
6.1241422020795237E-002
6.1904943657440627E-002
6.1904943657440696E-002
6.1241422020795237E-002
6.4826522224271904E-002
6.1003611167630721E-002
6.2027112097492301E-002
6.3624116177510195E-002
6.2076879121193064E-002
6.3295393533665881E-002
6.3295393533666020E-002
6.2076879121192946E-002
6.3624116177510279E-002
6.2027112097492197E-002
6.1003611167630756E-002
6.4826522224271946E-002
6.1241422020795237E-002
6.1904943657440627E-002
6.1904943657440696E-002
6.1241422020795237E-002
6.4826522224271904E-002
6.1003611167630721E-002
6.2027112097492301E-002
6.3624116177510195E-002
6.2076879121193064E-002
6.3295393533665881E-002
6.3295393533666020E-002
6.2076879121192946E-002
6.3624116177510279E-002
6.2027112097492197E-002
6.1003611167630756E-002
6.4826522224271946E-002
6.1241422020795237E-002
6.1904943657440627E-002
6.1904943657440696E-002
6.1241422020795237E-002
6.4826522224271904E-002
6.1003611167630721E-002
6.2027112097492301E-002
6.3624116177510195E-002
6.2076879121193064E-002
6.3295393533665881E-002
